##################################################
### PERFIS FINAIS DE ESPESSURA (K = 2) ###
Silhueta Média para K=2: 0.1010
##################################################
                     C     S    ST     T    IT     I    IN     N    SN  Contagem
Perfil / Cluster
0                 54.7  61.2  60.4  58.0  62.1  62.3  59.1  58.3  60.3        61
1                 55.0  59.3  63.2  59.6  60.5  64.0  61.8  60.4  66.5        39

##################################################
### PERFIS FINAIS DE ESPESSURA (K = 3) ###
Silhueta Média para K=3: 0.0967
##################################################
                     C     S    ST     T    IT     I    IN     N    SN  Contagem
Perfil / Cluster
0                 55.4  58.5  61.1  57.1  61.7  64.6  60.6  56.9  66.2        31
1                 53.6  62.2  58.6  60.3  61.3  63.6  58.0  58.8  60.1        32
2                 55.4  60.6  64.3  58.4  61.5  61.1  61.7  61.2  62.2        37

##################################################
### PERFIS FINAIS DE ESPESSURA (K = 6) ###
Silhueta Média para K=6: 0.1272
##################################################
                     C     S    ST     T    IT     I    IN     N    SN  Contagem
Perfil / Cluster
0                 55.0  57.2  59.5  58.0  59.8  64.9  61.4  57.8  68.1        19
1                 52.6  58.8  57.8  61.2  62.5  61.8  59.2  58.2  59.0        16
2                 55.6  60.2  63.0  55.0  61.7  59.2  61.7  60.3  59.9        21
3                 53.8  60.7  66.9  60.4  62.8  64.3  61.4  61.6  65.4        17
4                 55.0  66.1  58.4  60.0  58.7  65.5  57.3  59.8  62.1        15
5                 57.6  60.8  63.0  58.2  64.0  63.2  58.6  55.6  61.5        12

##################################################
### PERFIS FINAIS DE ESPESSURA (K = 7) ###
Silhueta Média para K=7: 0.1217
##################################################
                     C     S    ST     T    IT     I    IN     N    SN  Contagem
Perfil / Cluster
0                 54.3  58.3  59.7  56.3  60.9  64.0  60.4  55.7  67.7        15
1                 52.7  58.2  57.7  61.9  62.1  60.9  58.9  57.8  59.9        13
2                 57.5  58.1  61.0  57.7  57.4  63.4  61.6  61.1  63.8        12
3                 54.0  60.6  66.5  61.2  62.5  64.3  61.4  61.7  65.8        17
4                 55.0  66.4  58.3  60.1  59.0  65.6  57.1  59.6  61.8        14
5                 58.0  60.0  63.2  60.2  64.7  63.7  59.2  56.4  60.6        10
6                 54.0  60.8  62.6  54.5  63.3  59.8  61.6  60.1  59.3        19

##################################################
### PERFIS FINAIS DE ESPESSURA (K = 8) ###
Silhueta Média para K=8: 0.1068
##################################################
                     C     S    ST     T    IT     I    IN     N    SN  Contagem
Perfil / Cluster
0                 56.5  60.1  63.8  58.5  63.7  64.2  59.9  55.8  59.7        12
1                 57.0  59.3  58.9  59.3  56.7  64.0  60.7  61.6  66.0        10
2                 56.8  59.5  58.3  59.3  64.2  62.2  58.7  56.9  65.4        10
3                 52.4  57.1  58.3  57.6  59.9  63.1  59.7  56.6  65.6        14
4                 54.9  60.4  62.9  55.1  62.6  59.5  62.0  59.9  59.4        21
5                 53.8  60.3  65.9  61.8  62.5  64.0  61.2  61.4  64.8        20
6                 53.0  64.0  61.0  58.0  54.0  58.5  54.0  57.0  64.5         2
7                 54.5  66.7  57.5  59.7  60.5  67.0  57.7  60.2  59.6        11

##################################################
### PERFIS FINAIS DE ESPESSURA (K = 9) ###
Silhueta Média para K=9: 0.1162
##################################################
                     C     S    ST     T    IT     I    IN     N    SN  Contagem
Perfil / Cluster
0                 56.3  60.1  65.1  58.2  63.9  63.9  60.0  55.1  60.4         9
1                 56.8  59.9  58.8  59.3  56.3  63.7  60.3  61.8  65.8         9
2                 57.9  59.5  59.9  56.2  64.3  63.5  59.9  56.8  65.8        10
3                 54.0  56.4  60.3  55.8  59.3  65.0  61.1  57.0  68.4         9
4                 54.6  60.7  63.1  55.3  62.4  59.1  61.8  60.3  59.1        18
5                 53.8  60.4  66.5  61.5  62.4  64.4  61.3  61.5  65.2        18
6                 53.0  64.0  61.0  58.0  54.0  58.5  54.0  57.0  64.5         2
7                 54.6  66.2  57.6  60.2  60.9  67.0  58.0  60.1  59.2        12
8                 52.8  58.3  57.2  61.4  61.8  60.5  58.8  57.6  60.7        13

##################################################
### PERFIS FINAIS DE ESPESSURA (K = 10) ###
Silhueta Média para K=10: 0.1141
##################################################
                     C     S    ST     T    IT     I    IN     N    SN  Contagem
Perfil / Cluster
0                 56.3  60.1  65.1  58.2  63.9  63.9  60.0  55.1  60.4         9
1                 56.8  59.1  58.6  59.1  56.1  63.1  60.1  62.2  65.6         8
2                 57.9  59.5  59.9  56.2  64.3  63.5  59.9  56.8  65.8        10
3                 54.0  56.4  60.3  55.8  59.3  65.0  61.1  57.0  68.4         9
4                 54.6  60.7  63.1  55.3  62.4  59.1  61.8  60.3  59.1        18
5                 53.8  60.4  66.5  61.5  62.4  64.4  61.3  61.5  65.2        18
6                 53.0  64.0  61.0  58.0  54.0  58.5  54.0  57.0  64.5         2
7                 53.8  66.4  58.4  59.1  60.3  66.7  56.6  60.4  60.1         9
8                 52.8  58.3  57.2  61.4  61.8  60.5  58.8  57.6  60.7        13
9                 57.0  65.8  56.2  62.8  61.5  68.0  62.2  58.8  59.2         4